4294967279,93
4294967279,92
4294967279,91
4294967278,75
4294967278,74
4294967278,73
4294967278,67
4294967279,90
4294967279,89
4294967279,87
4294967279,86
4294967279,85
4294967279,84
4294967279,83
4294967279,82
4294967279,81
4294967278,549
4294967278,207
4294967278,310
4294967279,361
4294967278,309
4294967278,548
4294967294,107
4294967294,90
4294967294,87
4294967294,86
4294967294,84
4294967294,946
4294967294,53
4294967294,436
4294967294,45
4294967294,427
4294967294,40
4294967294,38
4294967278,308
4294967278,306
4294967278,201
4294967278,200
4294967278,197
21,6
4294967278,199
21,5
21,4
4294967278,198
21,3
21,2
21,1
4294967278,304
4294967294,8
4294967279,360
4294967278,83
4294967278,79
4294967278,78
4294967278,77
4294967278,196
4294967278,300
4294967278,547
4294967279,359
4294967278,81
4294967278,302
4294967278,80
4294967278,301
4294967279,192
4294967278,191
4294967279,191
4294967278,190
4294967278,85
4294967278,84
4294967279,358
4294967278,546
4294967278,87
4294967278,86
4294967279,357
4294967278,545
4294967279,356
8,2
4294967278,544
4294967279,355
4294967278,92
4294967278,91
4294967278,186
4294967279,354
4294967278,543
4294967279,185
8,4
4294967278,93
4294967279,0
4294967278,98
4294967278,96
4294967278,95
4294967278,542
4294967294,5
4294967279,183
4294967278,121
4294967278,117
4294967278,116
4294967278,115
4294967278,113
4294967278,110
4294967278,109
4294967278,108
4294967278,107
4294967278,106
4294967278,105
4294967294,75
4294967294,1413
4294967294,30
4294967294,936
4294967294,935
4294967294,933
4294967294,932
4294967294,927
4294967294,916
4294967294,827
4294967294,825
4294967294,824
4294967294,823
4294967294,822
4294967294,60
4294967294,92
4294967294,99
4294967294,76
4294967294,36
4294967294,41
4294967294,43
4294967294,417
4294967294,51
4294967294,940
4294967294,966
4294967294,962
4294967294,961
4294967294,960
4294967294,913
4294967294,907
4294967294,905
4294967294,904
4294967294,903
4294967294,898
4294967294,897
4294967294,128
4294967294,830
4294967294,401
4294967294,190
4294967294,176
4294967294,173
4294967294,170
4294967294,163
4294967294,162
4294967294,127
4294967294,14
4294967294,126
4294967294,13
4294967294,7
4294967294,969
4294967294,82
4294967294,1411
9,4
4294967278,132
4294967278,131
4294967278,130
4294967278,129
4294967278,128
4294967278,127
4294967278,126
4294967278,125
4294967278,124
4294967278,123
4294967278,122
4294967278,120
4294967278,119
4294967278,118
4294967278,114
4294967278,112
4294967278,111
4294967278,104
4294967278,103
4294967278,102
4294967278,101
4294967278,100
4294967278,99
4294967278,97
4294967278,94
4294967278,90
4294967278,89
4294967278,82
4294967278,76
4294967278,72
4294967278,71
4294967278,70
4294967278,69
4294967278,68
4294967279,80
4294967279,79
4294967279,78
4294967279,77
4294967279,76
4294967279,75
4294967279,74
4294967279,73
4294967279,72
4294967279,71
4294967279,70
4294967279,69
4294967279,68
4294967279,65
4294967279,63
4294967279,62
4294967279,61
4294967279,60
4294967279,59
4294967279,174
4294967279,88
4294967279,57
4294967279,56
4294967279,55
4294967279,294
4294967279,54
4294967279,53
4294967279,292
4294967279,52
4294967279,51
4294967279,50
4294967279,49
4294967279,48
4294967279,47
4294967279,46
4294967279,45
4294967279,44
4294967279,43
4294967279,42
4294967279,41
4294967279,40
4294967279,39
4294967279,38
4294967279,37
4294967279,36
4294967279,35
4294967279,34
4294967279,33
4294967279,32
4294967279,31
4294967279,30
4294967279,29
4294967279,28
4294967279,27
4294967279,26
4294967279,25
4294967279,24
4294967279,23
4294967279,22
4294967279,21
4294967279,20
4294967279,19
4294967279,18
4294967279,17
4294967279,16
4294967279,15
4294967279,14
4294967279,13
4294967279,12
4294967279,11
4294967279,10
4294967279,9
4294967279,8
4294967279,7
4294967279,6
4294967279,5
4294967279,4
4294967294,11
4294967278,541
4294967278,0
4294967279,58
4294967294,81
4294967279,67
4294967279,300
4294967294,22
15,3
4294967279,284
4294967279,260
4294967279,66
4294967279,299
4294967279,178
4294967294,413
4294967279,177
4294967279,353
4294967279,64
4294967279,176
4294967279,173
4294967294,94
4294967294,96
4294967279,170
20,6
4294967279,172
20,5
20,4
4294967279,171
20,3
20,2
20,1
4294967279,296
0,7
4294967294,18
4294967294,20
4294967294,50
4294967294,965
4294967294,964
4294967294,963
4294967294,912
4294967294,911
